ModID       0 12
ModSerID    98 98 98 98 98 98 98 98 98 98 98 98 98 98 98 98 98 98 98 98 98 98 98 98 98 98 98 98 98 98 98 98
ModSerIDC   0 10
GateWayID   99 99 99 99 99 99 99 99 99 99 99 99 99 99 99 99 99 99 99 99 99 99 99 99 99 99 99 99 99 99 99 99
GateWayIDC  0 20
ManagerID   100 100 100 100 100 100 100 100 100 100 100 100 100 100 100 100 100 100 100 100 100 100 100 100 100 100 100 100 100 100 100 100
ManagerIDC  0 30
DeviceID    0 0 0 0 0 0 0 0 0 0
            0 0 0 0 0 0 0 0 0 0
            0 0 0 0 0 0 0 0 0 0
            0 0 0 0 0 0 0 0 0 0
            0 0 0 0 0 0 0 0 0 0
DeviceType  0
            49 50 55 46 48 46 48 46 49 58 49 51 50 51 50
            0  0  0  0  0  0  0  0  0  0  0  0  0  0  0
            0  0  0  0  0  0  0  0  0  0  0  0  0  0  0
            0  0  0  0  0

PackHead    255 255
PackSize    0 248
Flag        0 0
PackType    6
PackID      97 97 97 97 97 97 97 97 97 97 97 97 97 97 97 97 97 97 97 97 97 97 97 97 97 97 97 97 97 97 97 97
Head    0 12
        98 98 98 98 98 98 98 98 98 98 98 98 98 98 98 98 98 98 98 98 98 98 98 98 98 98 98 98 98 98 98 98
        0 10
        99 99 99 99 99 99 99 99 99 99 99 99 99 99 99 99 99 99 99 99 99 99 99 99 99 99 99 99 99 99 99 99
        0 20
        100 100 100 100 100 100 100 100 100 100 100 100 100 100 100 100 100 100 100 100 100 100 100 100 100 100 100 100 100 100 100 100
        0 30
        0 0 0 0 0 0 0 0 0 0
        0 0 0 0 0 0 0 0 0 0
        0 0 0 0 0 0 0 0 0 0
        0 0 0 0 0 0 0 0 0 0
        0 0 0 0 0 0 0 0 0 0
        0
        49 50 55 46 48 46 48 46 49 58 49 51 50 51 50
        0  0  0  0  0  0  0  0  0  0  0  0  0  0  0
        0  0  0  0  0  0  0  0  0  0  0  0  0  0  0
        0  0  0  0  0
Data    128 129
Crc     147 212


[255 255]
248
[0 0]
6
[97 97 97 97 97 97 97 97 97 97 97 97 97 97 97 97 97 97 97 97 97 97 97 97 97 97 97 97 97 97 97 97]
{
    12
    [98 98 98 98 98 98 98 98 98 98 98 98 98 98 98 98 98 98 98 98 98 98 98 98 98 98 98 98 98 98 98 98]
    10
    [99 99 99 99 99 99 99 99 99 99 99 99 99 99 99 99 99 99 99 99 99 99 99 99 99 99 99 99 99 99 99 99]
    20
    [100 100 100 100 100 100 100 100 100 100 100 100 100 100 100 100 100 100 100 100 100 100 100 100 100 100 100 100 100 100 100 100]
    30
    [0 0 0 0 0 0 0 0 0 0 0 0 0 0 0 0 0 0 0 0 0 0 0 0 0 0 0 0 0 0 0 0 0 0 0 0 0 0 0 0 0 0 0 0 0 0 0 0 0 0]
    0
    [49 50 55 46 48 46 48 46 49 58 49 51 50 51 50 0 0 0 0 0 0 0 0 0 0 0 0 0 0 0 0 0 0 0 0 0 0 0 0 0 0 0 0 0 0 0 0 0 0 0]
}
0xc000096000
37844

